1 0.07437500000000001 0.6875 0.12375000000000001 0.07166600000000001
1 0.06812499999999999 0.2925 0.03624999999999999 0.04166599999999998
1 0.1175 0.6308335 0.1175 0.07833299999999999
1 0.103125 0.2825 0.041249999999999995 0.05833400000000005
1 0.134375 0.270833 0.04375 0.04500000000000001
1 0.188125 0.44083350000000004 0.09125000000000003 0.088333
1 0.27125 0.4175 0.05000000000000002 0.061666
1 0.313125 0.511667 0.12875 0.08000000000000002
1 0.330625 0.4283335000000001 0.04625000000000001 0.05666699999999997
1 0.41312499999999996 0.46333350000000006 0.04375000000000001 0.053332999999999964
1 0.63375 0.794167 0.05999999999999994 0.15499999999999992
