1 0.2909375 0.414375 0.155625 0.19125000000000003
1 0.0275 0.211875 0.055 0.11625000000000002
1 0.09125 0.26937500000000003 0.10375000000000001 0.14875
1 0.1121875 0.20249999999999999 0.080625 0.10749999999999998
1 0.1990625 0.258125 0.09812500000000002 0.13124999999999998
1 0.314375 0.334375 0.13749999999999998 0.15125
1 0.4725 0.5575 0.20499999999999996 0.21750000000000003
1 0.495 0.4375 0.15500000000000003 0.19249999999999995
1 0.7024999999999999 0.509375 0.20375 0.25375
1 0.7525 0.7181249999999999 0.25749999999999995 0.25625
1 0.923125 0.655 0.15249999999999997 0.2025
