1 0.230625 0.8891665 0.18 0.098333
1 0.275 0.9833335 0.15499999999999997 0.031667
1 0.4903125 0.7604169999999999 0.08437499999999998 0.0675
1 0.6653125 0.904167 0.14937500000000004 0.09999999999999998
1 0.7053125 0.7258334999999999 0.06437500000000007 0.043333000000000066
1 0.75125 0.7891664999999999 0.08875 0.053333000000000075
1 0.8053125 0.687917 0.055625000000000036 0.04249999999999998
1 0.9334374999999999 0.8154165000000001 0.09187500000000004 0.07416699999999998
1 0.920625 0.6379165 0.03249999999999997 0.019166999999999934
1 0.9768749999999999 0.6741669999999998 0.04500000000000004 0.030000000000000027
