1 0.5081249999999999 0.6209325 0.9225 0.6605209999999999
1 0.55625 0.2765725 0.010000000000000009 0.0065070000000000405
1 0.6178125 0.331887 0.018124999999999947 0.015183999999999977
1 0.620625 0.26572650000000003 0.0050000000000000044 0.006506999999999985
1 0.6365624999999999 0.28416450000000004 0.009375000000000022 0.00867699999999999
1 0.6368750000000001 0.254338 0.0050000000000000044 0.0075919999999999885
1 0.6421875 0.30206049999999995 0.008124999999999938 0.00976100000000002
1 0.6556249999999999 0.28524950000000004 0.006249999999999978 0.006506999999999985
1 0.6684375 0.28850299999999995 0.0068749999999999645 0.0043380000000000085
1 0.680625 0.3655095 0.020000000000000018 0.02386100000000002
1 0.6793750000000001 0.313449 0.012500000000000067 0.013015999999999972
1 0.7115625 0.3432755 0.013125000000000053 0.007593000000000016
1 0.73125 0.26247299999999996 0.0012500000000000844 0.0043380000000000085
1 0.785625 0.393167 0.010000000000000009 0.02277600000000002
