1 0.20750000000000002 0.6398305 0.04500000000000001 0.04802300000000004
1 0.3178125 0.584275 0.03687499999999999 0.03672399999999998
1 0.3821875 0.573446 0.02562500000000001 0.030132000000000048
1 0.4153125 0.577684 0.03187500000000004 0.03483999999999998
1 0.43343750000000003 0.574388 0.023125000000000007 0.03578199999999998
1 0.4503125 0.567326 0.020625000000000004 0.03483999999999998
1 0.463125 0.536723 0.020000000000000018 0.033898000000000095
1 0.4759375 0.5550845 0.020625000000000004 0.021657000000000037
1 0.5165625 0.710452 0.080625 0.11582000000000003
1 0.5021875 0.532957 0.014375000000000027 0.015066000000000024
1 0.5246875 0.5329564999999999 0.018124999999999947 0.022598999999999925
1 0.5315624999999999 0.514595 0.016875000000000084 0.014124000000000025
1 0.5578125 0.519303 0.015625 0.01977400000000007
1 0.565 0.478814 0.008749999999999925 0.00470799999999999
1 0.5675 0.4943505 0.008750000000000036 0.011299000000000003
1 0.5700000000000001 0.460452 0.008749999999999925 0.016949999999999965
1 0.590625 0.45668549999999997 0.008749999999999925 0.009417000000000009
1 0.6443749999999999 0.5908665 0.03500000000000003 0.042372999999999994
1 0.7034374999999999 0.7782490000000001 0.13937499999999992 0.17796599999999996
1 0.6784375 0.4797555 0.018124999999999947 0.01789099999999999
1 0.6971875000000001 0.539548 0.01937500000000003 0.01695000000000002
1 0.7053125 0.5645005 0.030625000000000013 0.03672299999999995
1 0.7053125 0.47693050000000003 0.015625 0.031072999999999962
1 0.73875 0.4585685 0.012499999999999956 0.016948999999999992
