0 0.23500000000000001 0.7631334999999999 0.36625 0.47185699999999997
0 0.4425 0.858349 0.20249999999999996 0.28142599999999995
0 0.71875 0.33161350000000006 0.0987499999999999 0.22795500000000005
0 0.7884374999999999 0.4540335 0.11562499999999998 0.288931
0 0.7903125 0.65197 0.08062499999999995 0.18761799999999995
0 0.8006249999999999 0.30018750000000005 0.04749999999999999 0.161351
0 0.8865625 0.5469040000000001 0.18312499999999998 0.390244
0 0.8915625 0.7673545 0.114375 0.1688550000000001
0 0.9293750000000001 0.35741100000000003 0.09999999999999998 0.14634200000000003
0 0.96625 0.38930599999999993 0.06625000000000003 0.24390199999999992
