0 0.4653125 0.9685740000000002 0.013124999999999998 0.038461999999999996
0 0.4834375 0.934803 0.015625 0.03283200000000008
0 0.49031250000000004 0.8911819999999999 0.01687500000000003 0.018762000000000056
0 0.575 0.6702625 0.006249999999999978 0.015946999999999933
0 0.585 0.500938 0.02375000000000005 0.028142000000000052
0 0.580625 0.7800185000000001 0.007499999999999951 0.027205000000000035
0 0.585 0.6815199999999999 0.010000000000000009 0.025328000000000017
0 0.596875 0.655722 0.006249999999999978 0.024390000000000023
0 0.6018749999999999 0.48452150000000005 0.0012500000000000844 0.012195000000000011
0 0.6128125 0.6538459999999999 0.008124999999999938 0.020638000000000045
0 0.6146875 0.627111 0.0068750000000000755 0.01782399999999995
0 0.618125 0.5712944999999999 0.0050000000000000044 0.013132999999999952
0 0.621875 0.6318015 0.0050000000000000044 0.012194999999999956
0 0.625 0.6557219999999999 0.008750000000000036 0.020638000000000045
0 0.625 0.5712944999999999 0.006250000000000089 0.016884999999999928
