0 0.15428799999999998 0.18312499999999998 0.06985 0.12125
0 0.1450045 0.1028125 0.045977000000000004 0.05937500000000001
0 0.152962 0.148125 0.053050000000000014 0.14375
0 0.1688775 0.2965625 0.06542899999999999 0.13312499999999997
0 0.201149 0.190625 0.082228 0.13
0 0.223254 0.164375 0.06277599999999997 0.08
0 0.4336875 0.51375 0.464191 0.9500000000000001
0 0.31609200000000004 0.14625 0.061008000000000014 0.06125
0 0.596375 0.3175 0.14235200000000003 0.46125
0 0.70336 0.28625 0.16180400000000006 0.38625
0 0.9712644999999999 0.20187500000000003 0.05570300000000006 0.13125
0 0.9712644999999999 0.3625 0.05570300000000006 0.25125
0 0.969938 0.113125 0.044208000000000025 0.042499999999999996
