0 0.0175 0.49708299999999994 0.03375 0.07750000000000001
0 0.0703125 0.48958299999999993 0.015625 0.07250000000000001
0 0.11624999999999999 0.4945835 0.02750000000000001 0.07916699999999993
0 0.24093749999999997 0.490833 0.020624999999999977 0.04999999999999999
0 0.3146875 0.4804165 0.018125000000000002 0.029167
0 0.3834375 0.4958335 0.016874999999999973 0.06333299999999997
0 0.4278125 0.5120835 0.021874999999999978 0.07583300000000004
0 0.48125 0.5079165 0.03125 0.11583300000000002
0 0.521875 0.49916699999999997 0.03249999999999997 0.11500000000000005
0 0.5453125000000001 0.5129165 0.01937500000000003 0.09083299999999994
0 0.5703125 0.5187499999999999 0.023125000000000062 0.120834
0 0.65625 0.5183335000000001 0.02750000000000008 0.11666700000000002
0 0.7737499999999999 0.4975 0.02749999999999997 0.066666
