0 0.0246875 0.48588899999999996 0.049375 0.429916
0 0.0696875 0.309031 0.019375000000000003 0.12323600000000003
0 0.10843749999999999 0.3236125 0.02062499999999999 0.101599
0 0.16812500000000002 0.35936 0.03 0.184384
0 0.2053125 0.30432750000000003 0.02687500000000001 0.06302899999999995
0 0.2634375 0.3584195 0.023125000000000007 0.17497700000000005
0 0.3028125 0.29821250000000005 0.021874999999999978 0.08654699999999999
0 0.459375 0.46331100000000003 0.125 0.412982
0 0.600625 0.5319849999999999 0.028749999999999942 0.047977999999999965
0 0.7921875 0.33866399999999997 0.09562499999999996 0.15616199999999997
0 0.79625 0.5291625 0.10375000000000001 0.281279
