0 0.2106765 0.145625 0.170335 0.17125
0 0.223716 0.5896875 0.167074 0.23437500000000006
0 0.221679 0.35906249999999995 0.14506999999999998 0.148125
0 0.42665000000000003 0.17125 0.14914399999999994 0.11124999999999999
0 0.412388 0.3309375 0.11084 0.12687499999999996
0 0.4156480000000001 0.479375 0.09617000000000003 0.07875000000000004
0 0.609617 0.3259375 0.16300000000000003 0.14687499999999998
0 0.618582 0.1328125 0.12224999999999998 0.09937499999999999
0 0.7999185 0.1353125 0.150775 0.114375
0 0.8121435 0.48125 0.17196500000000003 0.14
0 0.8056234999999999 0.6893750000000001 0.13121499999999997 0.15374999999999994
0 0.8145885 0.2984375 0.13121499999999997 0.14062500000000003
