0 0.0090625 0.6746705 0.018125 0.12146899999999995
0 0.0165625 0.594633 0.033125 0.06873799999999997
0 0.040312499999999994 0.6619585 0.06062499999999999 0.15819300000000003
0 0.0646875 0.5965159999999999 0.026875000000000003 0.10452000000000006
0 0.1109375 0.6257064999999999 0.041874999999999996 0.1271190000000001
0 0.178125 0.634181 0.03125 0.16854999999999998
0 0.2209375 0.6643125 0.029375000000000012 0.19679899999999995
0 0.260625 0.708569 0.06500000000000003 0.26271200000000006
0 0.25375000000000003 0.5955745000000001 0.03375 0.05555500000000002
0 0.2921875 0.6478339999999999 0.03562500000000002 0.182674
0 0.3221875 0.7161015000000001 0.05812499999999998 0.2890769999999999
0 0.3471875 0.5856875 0.03812500000000002 0.08662899999999996
0 0.38687499999999997 0.7603575 0.07500000000000001 0.349341
