0 0.056875 0.6575985 0.0475 0.17260699999999995
0 0.1053125 0.6468105 0.036875000000000005 0.19043100000000002
0 0.18937500000000002 0.6458725 0.04124999999999998 0.18855500000000003
0 0.364375 0.16510350000000001 0.09875 0.165103
0 0.359375 0.5042215000000001 0.05125000000000002 0.11913699999999999
0 0.47875 0.149156 0.09250000000000003 0.178236
0 0.495 0.5192304999999999 0.09875000000000006 0.11913699999999994
0 0.5678125 0.17870550000000002 0.09562499999999996 0.137899
0 0.6074999999999999 0.23921199999999998 0.05500000000000005 0.090056
0 0.680625 0.25656650000000003 0.06500000000000006 0.10600300000000001
0 0.7665625 0.6102255 0.03187499999999999 0.11726100000000006
0 0.8984375 0.6135079999999999 0.02937499999999993 0.10694199999999998
0 0.9403125 0.6064725 0.023125000000000062 0.12101300000000004
0 0.9653125 0.5989680000000001 0.026874999999999982 0.10600400000000008
