0 0.02375 0.6370835 0.0475 0.32916700000000004
0 0.4996875 0.0991665 0.999375 0.198333
0 0.027187499999999996 0.5966665 0.048124999999999994 0.27166700000000005
0 0.0121875 0.06874999999999999 0.013125 0.03583399999999999
0 0.23062500000000002 0.5275 0.43875000000000003 0.13833399999999996
0 0.25187499999999996 0.6625000000000001 0.07124999999999998 0.201666
0 0.2990625 0.346667 0.013124999999999998 0.04500000000000004
0 0.3146875 0.35125 0.013124999999999998 0.03249999999999997
0 0.32999999999999996 0.35041649999999996 0.012500000000000011 0.034167
0 0.348125 0.3 0.048750000000000016 0.058334
0 0.34843749999999996 0.38041649999999994 0.018125000000000002 0.060833000000000026
0 0.37093750000000003 0.35958300000000004 0.019374999999999976 0.03249999999999997
0 0.41593749999999996 0.38708349999999997 0.070625 0.035833000000000004
0 0.405 0.28125 0.007500000000000007 0.02416600000000002
0 0.416875 0.2854165 0.0025000000000000022 0.029167
0 0.46125 0.32249999999999995 0.08875 0.044999999999999984
0 0.43156249999999996 0.28625000000000006 0.014374999999999971 0.02749999999999997
0 0.44718749999999996 0.2708335 0.014374999999999971 0.038333000000000006
0 0.483125 0.3620835 0.05250000000000005 0.034167
0 0.6859375 0.5329165 0.44812500000000005 0.13083299999999998
0 0.5425 0.6304165 0.13874999999999993 0.330833
0 0.51625 0.3920835 0.07750000000000007 0.02583300000000005
0 0.6028125 0.3495835 0.09312500000000001 0.07416699999999998
0 0.6315625 0.6458335000000001 0.13312500000000005 0.3666669999999999
0 0.5828125 0.299583 0.016875000000000084 0.03249999999999997
0 0.60125 0.2979165 0.010000000000000009 0.029167
0 0.6465624999999999 0.3895835 0.020625000000000004 0.034167
0 0.6621874999999999 0.39250000000000007 0.013124999999999942 0.036665999999999976
0 0.6696875 0.35625 0.013125000000000053 0.03249999999999997
0 0.6909375 0.39583299999999993 0.014375000000000027 0.030000000000000027
0 0.7084375 0.3225 0.010624999999999996 0.04833399999999999
0 0.7271875 0.3329165 0.02937499999999993 0.05916699999999997
0 0.755 0.379583 0.014999999999999902 0.03749999999999998
0 0.7584375 0.41125000000000006 0.014375000000000027 0.029166000000000025
0 0.7690625 0.38833349999999994 0.020625000000000004 0.05166700000000002
0 0.7949999999999999 0.39499999999999996 0.028749999999999942 0.03166600000000003
0 0.8384375 0.38916649999999997 0.01937500000000003 0.05333300000000002
0 0.8500000000000001 0.3975 0.01375000000000004 0.05333399999999999
0 0.9365625 0.6429165 0.08437499999999998 0.35416699999999995
0 0.90625 0.3541665 0.012499999999999956 0.053332999999999964
0 0.9571875000000001 0.39916650000000004 0.07062500000000005 0.04333300000000001
0 0.9690624999999999 0.6308334999999999 0.06062500000000004 0.32666699999999993
