0 0.1034375 0.9187675000000001 0.074375 0.160597
0 0.2884375 0.884687 0.141875 0.2212879999999999
0 0.40656250000000005 0.5709615 0.27562500000000006 0.213819
0 0.43 0.9084964999999999 0.10499999999999998 0.18113900000000005
0 0.480625 0.2665735 0.08875 0.352007
0 0.49812500000000004 0.8996265000000001 0.06624999999999998 0.19887900000000003
0 0.5275000000000001 0.8902894999999998 0.06625000000000003 0.206349
0 0.54625 0.3814195 0.05499999999999994 0.333333
0 0.6775 0.8104575 0.15874999999999995 0.37535100000000005
0 0.6637500000000001 0.36601300000000003 0.09625000000000006 0.2521
0 0.794375 0.6190475 0.2087500000000001 0.7600370000000001
