0 0.0239585 0.625 0.035417000000000004 0.12777799999999995
0 0.028646 0.6131945000000001 0.036458000000000004 0.10416700000000001
0 0.0677085 0.621528 0.035417000000000004 0.11250000000000004
0 0.09791649999999999 0.5361110000000001 0.05416700000000001 0.15277800000000002
0 0.089583 0.6583330000000001 0.024999999999999994 0.04999999999999993
0 0.1671875 0.5180555 0.061459000000000014 0.10555500000000001
0 0.1947915 0.539583 0.04166700000000001 0.06527800000000006
0 0.2015625 0.6083335 0.023959000000000008 0.05555500000000002
0 0.22031250000000002 0.607639 0.009374999999999994 0.09583399999999997
0 0.2484375 0.6041664999999999 0.032291000000000014 0.094445
0 0.2859375 0.6041664999999999 0.017708999999999975 0.094445
0 0.311979 0.5916665000000001 0.030208000000000013 0.094445
0 0.40937500000000004 0.4673615 0.147916 0.37638900000000003
0 0.5421875 0.5 0.13437500000000002 0.30000000000000004
0 0.547396 0.5006944999999999 0.12395800000000001 0.301389
0 0.6744795 0.5430555 0.12187499999999996 0.20555500000000002
0 0.716146 0.4868055 0.055208000000000035 0.23472300000000001
0 0.7625 0.5993054999999999 0.03125 0.09027700000000005
0 0.8364585 0.551389 0.08333299999999999 0.169444
