0 0.115174 0.6975609999999999 0.021938 0.05853599999999992
0 0.187386 0.9085369999999999 0.042048 0.11463400000000001
0 0.2221205 0.867073 0.03839100000000001 0.11463400000000001
0 0.24131599999999997 0.8560975000000001 0.021937999999999985 0.09756100000000001
0 0.258684 0.9573169999999999 0.020110000000000017 0.080488
0 0.26416799999999996 0.8268295 0.02376600000000001 0.07804900000000004
0 0.2934185 0.8170729999999998 0.031079000000000023 0.048779999999999935
0 0.387569 0.9073169999999999 0.04753200000000002 0.078048
0 0.417733 0.9073175 0.02376600000000001 0.11219500000000004
0 0.473492 0.7780485 0.021937999999999958 0.07317099999999999
