0 0.033125 0.4133335 0.06625 0.27333300000000005
0 0.035625 0.21333300000000002 0.07125 0.29000000000000004
0 0.084375 0.43249999999999994 0.10125 0.20166599999999998
0 0.125625 0.20333349999999997 0.06375 0.22666699999999998
0 0.184375 0.3083335 0.13624999999999998 0.616667
0 0.413125 0.40833350000000007 0.57125 0.753333
0 0.315 0.3141665 0.17 0.608333
0 0.425 0.22083350000000002 0.09750000000000003 0.178333
0 0.53125 0.25583300000000003 0.12000000000000005 0.23500000000000001
0 0.60375 0.32 0.09250000000000003 0.25
0 0.6675 0.4216665 0.12 0.323333
0 0.656875 0.233333 0.09375 0.18000000000000002
0 0.766875 0.3108335 0.18125000000000002 0.5716669999999999
0 0.8206249999999999 0.3625 0.20125000000000004 0.4883339999999999
0 0.833125 0.4875 0.12125000000000008 0.275
0 0.899375 0.4658335 0.17374999999999996 0.298333
0 0.958125 0.30083350000000003 0.08125000000000004 0.328333
