0 0.111875 0.437571 0.042499999999999996 0.194098
0 0.168125 0.439841 0.05249999999999999 0.22133999999999998
0 0.238125 0.45970449999999996 0.06875000000000003 0.19977299999999992
0 0.36624999999999996 0.489784 0.06875000000000003 0.259932
0 0.48750000000000004 0.4988645 0.08375000000000005 0.278093
0 0.6003125 0.454597 0.073125 0.33030600000000004
0 0.67625 0.427923 0.05874999999999997 0.272418
0 0.7321875 0.4585699999999999 0.07062499999999994 0.18842199999999998
0 0.7834375 0.4211125 0.06312499999999999 0.20204299999999997
0 0.823125 0.4233825 0.0475000000000001 0.188423
