0 0.0075 0.5670735 0.015 0.053471000000000046
0 0.0140625 0.7443715 0.024375 0.06472699999999998
0 0.0221875 0.5952155 0.024375 0.05159500000000006
0 0.0240625 0.8142590000000001 0.028124999999999997 0.07879999999999998
0 0.0340625 0.9005630000000001 0.028125 0.07879999999999998
0 0.0340625 0.5651970000000001 0.015625000000000003 0.05722400000000005
0 0.049062499999999995 0.5079735 0.011875000000000004 0.05347099999999999
0 0.0675 0.9657600000000001 0.03874999999999999 0.066604
0 0.0584375 0.565666 0.015625 0.065666
0 0.0778125 0.878987 0.01812499999999999 0.06191400000000003
0 0.091875 0.8667914999999999 0.028749999999999998 0.07504699999999997
0 0.09062500000000001 0.5694185 0.015 0.05816100000000002
0 0.1015625 0.5633205 0.011874999999999997 0.053471000000000046
0 0.1128125 0.5173544999999999 0.016875 0.05722299999999997
0 0.1246875 0.8724200000000001 0.024374999999999994 0.09005600000000002
0 0.16031250000000002 0.43855550000000004 0.014374999999999999 0.04971900000000001
0 0.1728125 0.8245775000000001 0.020625000000000004 0.07692299999999996
0 0.1978125 0.8414634999999999 0.02437499999999998 0.07879899999999995
0 0.20156249999999998 0.5431520000000001 0.014374999999999999 0.05628599999999995
0 0.2109375 0.7664165 0.018125000000000002 0.060037000000000014
0 0.2240625 0.7448405 0.020625000000000004 0.07879900000000006
0 0.2390625 0.5858344999999999 0.015625 0.051594999999999946
0 0.266875 0.44605999999999996 0.00874999999999998 0.05722399999999999
0 0.2790625 0.619137 0.018125000000000002 0.065666
0 0.2896875 0.5412759999999999 0.011875000000000024 0.06754199999999999
0 0.3071875 0.5384615 0.020625000000000004 0.05816100000000002
0 0.3428125 0.5633205 0.020625000000000004 0.057223000000000024
0 0.34375 0.5 0.006249999999999978 0.026265999999999953
0 0.3590625 0.5473735 0.011874999999999969 0.055346999999999924
0 0.37906249999999997 0.6749529999999999 0.023125000000000007 0.06847999999999999
0 0.400625 0.5365854999999999 0.017500000000000016 0.05816100000000002
0 0.4165625 0.5300185 0.014375000000000027 0.060037000000000014
0 0.498125 0.8860224999999999 0.03749999999999998 0.096623
0 0.5249999999999999 0.8452160000000001 0.01749999999999996 0.09005600000000002
0 0.6178125000000001 0.868199 0.021874999999999978 0.05159400000000003
0 0.6478125 0.9136960000000001 0.038124999999999964 0.09568399999999999
0 0.6396875 0.8846155 0.016874999999999973 0.08067500000000005
0 0.7190624999999999 0.9737335 0.021874999999999978 0.05065699999999995
0 0.8503125 0.967636 0.02562500000000001 0.06285200000000002
0 0.9221874999999999 0.6604125000000001 0.010624999999999996 0.056285000000000036
0 0.9271875 0.796435 0.020625000000000004 0.08817999999999993
0 0.94 0.672139 0.019999999999999907 0.05910000000000004
0 0.93875 0.7565665 0.012499999999999956 0.055347000000000035
0 0.9696875 0.8855534999999999 0.02562500000000001 0.08630300000000002
0 0.9715625 0.8212945 0.016874999999999973 0.049718999999999965
0 0.9825 0.6008445 0.010000000000000009 0.055347000000000035
0 0.9862500000000001 0.8592869999999999 0.01749999999999996 0.08067599999999997
0 0.9940625000000001 0.5989680000000001 0.010624999999999996 0.06285200000000002
