0 0.0384375 0.879456 0.076875 0.11726000000000003
0 0.0296875 0.8100375 0.038125 0.040336999999999956
0 0.07906250000000001 0.8663230000000001 0.044375000000000005 0.10788000000000009
0 0.093125 0.977955 0.04500000000000001 0.042213999999999974
0 0.1334375 0.9685739999999999 0.040624999999999994 0.06097600000000003
0 0.156875 0.8311439999999999 0.05124999999999999 0.08630399999999994
0 0.196875 0.8292685 0.057499999999999996 0.060037000000000014
0 0.33875 0.9573174999999999 0.05125000000000002 0.05347099999999994
0 0.36031250000000004 0.9010319999999999 0.06937500000000002 0.12664200000000003
0 0.466875 0.9859285 0.04125000000000001 0.02626700000000004
0 0.49624999999999997 0.9638835 0.05124999999999996 0.055347000000000035
0 0.4953125 0.8696059999999999 0.03187499999999999 0.05253200000000002
0 0.506875 0.914634 0.052499999999999936 0.06941800000000009
0 0.5146875 0.8339590000000001 0.036874999999999936 0.06191400000000003
0 0.599375 0.891651 0.07000000000000006 0.09287000000000001
0 0.600625 0.793621 0.04749999999999999 0.04315199999999997
0 0.6340625 0.5675425000000001 0.08062499999999995 0.07879899999999995
0 0.62375 0.9263600000000001 0.050000000000000044 0.06097600000000003
0 0.6703125 0.826454 0.06937499999999996 0.09193200000000001
0 0.6953125 0.887899 0.0318750000000001 0.0684800000000001
0 0.745625 0.9329270000000001 0.09875 0.12851800000000002
0 0.7203125 0.81848 0.03562500000000002 0.06097599999999992
0 0.8075 0.9127580000000001 0.06624999999999992 0.10318999999999999
0 0.8453124999999999 0.9427765 0.06062500000000004 0.060037000000000014
0 0.85625 0.9807695 0.06625000000000003 0.032833
0 0.8709374999999999 0.7954975 0.06062500000000004 0.099437
0 0.91125 0.8484995 0.03125 0.055347000000000035
0 0.930625 0.8986865 0.06125000000000003 0.07879899999999995
0 0.9828125000000001 0.8832085000000001 0.03312499999999996 0.09474700000000003
