0 0.013749999999999998 0.587171 0.017499999999999998 0.12170999999999998
0 0.0371875 0.444079 0.021875000000000002 0.15789399999999998
0 0.11499999999999999 0.540296 0.04625 0.16940800000000003
0 0.125625 0.7039475 0.047500000000000014 0.220395
0 0.140625 0.425987 0.036250000000000004 0.148026
0 0.1484375 0.602796 0.02812500000000001 0.15954000000000002
0 0.175625 0.705592 0.04249999999999998 0.25
0 0.195625 0.6282895000000001 0.01999999999999999 0.141447
0 0.37187499999999996 0.4407895 0.3525 0.253289
0 0.22562500000000002 0.759046 0.04000000000000001 0.208882
0 0.2496875 0.8083885 0.074375 0.251645
0 0.2415625 0.631579 0.030625000000000013 0.14144800000000002
0 0.273125 0.6685860000000001 0.03249999999999997 0.15625
0 0.4 0.8355265000000001 0.065 0.246711
0 0.475 0.827303 0.05124999999999996 0.276316
0 0.5259375 0.6751645 0.07437499999999997 0.20888099999999998
0 0.5440625 0.8289475 0.07187499999999991 0.220395
0 0.5621875000000001 0.618421 0.04062500000000002 0.16776400000000002
0 0.6018749999999999 0.45148 0.03874999999999995 0.166118
0 0.635625 0.47450650000000005 0.013749999999999929 0.10361900000000002
0 0.65375 0.519737 0.016249999999999987 0.12829000000000002
0 0.6696875 0.5657895000000001 0.018124999999999947 0.042762999999999995
0 0.701875 0.294408 0.04625000000000001 0.12829000000000002
0 0.6940625 0.5789475 0.02562500000000001 0.11842099999999998
0 0.7253125 0.774671 0.03687499999999999 0.279606
0 0.7528125 0.37911150000000005 0.03312500000000007 0.175987
0 0.7575000000000001 0.8182564999999998 0.03500000000000003 0.17927700000000002
0 0.7934375 0.8807565 0.05812499999999998 0.235197
0 0.8512500000000001 0.5657895000000001 0.04999999999999993 0.259869
