0 0.149375 0.38625 0.036250000000000004 0.134166
0 0.20625 0.3779165 0.03125 0.13083299999999998
0 0.265625 0.3895835 0.028750000000000053 0.12083300000000002
0 0.32125000000000004 0.9270835000000001 0.07500000000000001 0.14416700000000005
0 0.3290625 0.8224999999999999 0.083125 0.15999999999999992
0 0.323125 0.39583300000000005 0.03249999999999997 0.10499999999999998
0 0.3746875 0.9475000000000001 0.08187500000000003 0.10000000000000009
0 0.3578125 0.397083 0.02437499999999998 0.1275
0 0.38687499999999997 0.402083 0.028749999999999998 0.1175
0 0.44 0.41125000000000006 0.043749999999999956 0.119166
0 0.5171875 0.8616670000000001 0.09312499999999996 0.275
0 0.49875 0.4208335 0.04250000000000004 0.11666700000000002
0 0.5296875 0.42333299999999996 0.026874999999999982 0.09500000000000003
0 0.575 0.9820835 0.03500000000000003 0.03416700000000006
0 0.5878125 0.4337499999999999 0.04562500000000003 0.08749999999999997
0 0.6253124999999999 0.4320835 0.024374999999999925 0.11916700000000002
0 0.6840625 0.946667 0.09812500000000002 0.10499999999999998
0 0.663125 0.43291699999999994 0.03375000000000006 0.09250000000000003
0 0.734375 0.42625 0.0462499999999999 0.130834
0 0.753125 0.9625 0.07625000000000004 0.07333400000000001
