0 0.060000000000000005 0.5591665 0.07 0.22166700000000006
0 0.07 0.3858335 0.0175 0.06166700000000003
0 0.19 0.45916650000000003 0.03749999999999998 0.11166700000000002
0 0.19187500000000002 0.40750000000000003 0.04124999999999998 0.07166599999999995
0 0.225625 0.47166650000000004 0.06124999999999997 0.10333300000000006
0 0.23374999999999999 0.4091665 0.034999999999999976 0.05166700000000002
0 0.269375 0.47333300000000006 0.046249999999999986 0.10000000000000003
0 0.299375 0.3916665 0.026249999999999996 0.03666699999999995
0 0.31125 0.49666650000000007 0.04999999999999999 0.186667
0 0.35375 0.5199999999999999 0.04249999999999998 0.15333399999999997
0 0.35250000000000004 0.41583349999999997 0.027500000000000024 0.06166699999999997
0 0.37875000000000003 0.409167 0.044999999999999984 0.065
0 0.395 0.4875 0.044999999999999984 0.12500000000000006
0 0.40375 0.4208335 0.02749999999999997 0.07166699999999998
0 0.446875 0.46249999999999997 0.05375000000000002 0.07833399999999996
0 0.471875 0.42 0.04125000000000001 0.07666600000000001
0 0.50375 0.41500000000000004 0.024999999999999967 0.08000000000000002
0 0.54375 0.48666650000000006 0.05249999999999999 0.11666700000000002
0 0.531875 0.41416649999999994 0.018750000000000044 0.05166700000000002
0 0.5562499999999999 0.3916665 0.02749999999999997 0.07333300000000004
0 0.61 0.591667 0.10499999999999998 0.3499999999999999
0 0.59125 0.40750000000000003 0.03749999999999998 0.07166599999999995
0 0.63375 0.4908335 0.05500000000000005 0.12833300000000003
0 0.660625 0.5025000000000001 0.043749999999999956 0.16499999999999998
0 0.6637500000000001 0.40833350000000007 0.039999999999999925 0.07333299999999998
0 0.6937500000000001 0.500833 0.03749999999999998 0.16499999999999998
0 0.723125 0.5116665 0.043749999999999956 0.18333300000000005
0 0.7362500000000001 0.40499999999999997 0.025000000000000022 0.07666599999999996
0 0.749375 0.4208334999999999 0.03875000000000006 0.06833300000000003
0 0.91125 0.42166649999999994 0.050000000000000044 0.09666699999999995
0 0.91125 0.5083335000000001 0.050000000000000044 0.15666700000000006
0 0.935 0.5183335 0.03749999999999998 0.21666700000000003
0 0.9524999999999999 0.525 0.057499999999999996 0.203334
0 0.9675 0.5358335 0.0625 0.188333
0 0.978125 0.42250000000000004 0.04125000000000001 0.08166600000000002
