0 0.5934375000000001 0.6325 0.06312499999999999 0.198334
0 0.059687500000000004 0.5816665 0.049375 0.09166699999999994
0 0.09 0.6991665 0.06875 0.14333300000000004
0 0.10093749999999999 0.61125 0.05187499999999999 0.09083399999999997
0 0.16125 0.70375 0.12 0.18083399999999994
0 0.1384375 0.5820835000000001 0.044374999999999984 0.07416699999999998
0 0.2690625 0.689167 0.13187500000000002 0.15500000000000003
0 0.245 0.6641665 0.05249999999999999 0.10166699999999995
0 0.2778125 0.5258330000000001 0.06437499999999999 0.10000000000000003
0 0.345 0.596667 0.07749999999999996 0.09999999999999998
0 0.34687500000000004 0.6733334999999999 0.07624999999999998 0.15333300000000005
0 0.35 0.4804170000000001 0.03875000000000001 0.08750000000000002
0 0.3721875 0.48000000000000004 0.030625000000000013 0.09833400000000003
0 0.39749999999999996 0.47333299999999995 0.027500000000000024 0.07000000000000006
0 0.48531250000000004 0.6749999999999999 0.09937500000000005 0.16000000000000003
0 0.49031250000000004 0.6154164999999999 0.08937500000000004 0.15916699999999995
0 0.66625 0.525833 0.04499999999999993 0.17500000000000004
0 0.7106250000000001 0.6770835000000001 0.11124999999999996 0.07583299999999993
0 0.701875 0.5804165 0.03874999999999995 0.1358330000000001
0 0.7221875 0.6533334999999999 0.06437500000000007 0.08333299999999999
0 0.7459375 0.51625 0.055625000000000036 0.16749999999999998
0 0.7559375 0.6291665000000001 0.046875 0.11666699999999997
0 0.8740625 0.6404164999999999 0.12062499999999998 0.11916699999999991
