0 0.30437499999999995 0.37851749999999995 0.04375000000000001 0.16041300000000003
0 0.0409375 0.37288899999999997 0.040624999999999994 0.19605999999999993
0 0.134375 0.39727949999999995 0.03624999999999999 0.09099499999999999
0 0.159375 0.389775 0.0325 0.10600399999999999
0 0.1784375 0.3836775 0.029374999999999984 0.07504699999999997
0 0.1978125 0.597092 0.05562499999999998 0.11726000000000003
0 0.21 0.401032 0.03125 0.10600399999999999
0 0.2321875 0.38789900000000005 0.031875000000000014 0.10600399999999999
0 0.2625 0.5253285000000001 0.06625000000000003 0.146341
0 0.316875 0.586773 0.1525 0.24671599999999994
0 0.2625 0.37617249999999997 0.036250000000000004 0.13320899999999997
0 0.47968750000000004 0.6214820000000001 0.12187500000000001 0.27673600000000004
0 0.5925 0.5914634999999999 0.09875 0.24108899999999997
0 0.6915625000000001 0.8438085000000001 0.27937500000000004 0.310507
0 0.729375 0.6242964999999999 0.1499999999999999 0.494371
