0 0.2175 0.7766760000000001 0.03875000000000001 0.12747799999999998
0 0.2503125 0.7979225 0.026874999999999982 0.15486299999999997
0 0.2871875 0.8050049999999999 0.021874999999999978 0.14447600000000005
0 0.371875 0.8016995000000001 0.04249999999999998 0.15486299999999997
0 0.5525 0.7681775 0.03499999999999992 0.12181300000000006
0 0.5909375 0.7615675 0.026874999999999982 0.11992499999999993
0 0.6378125 0.8050045 0.038124999999999964 0.261567
0 0.8703125 0.779981 0.048125000000000084 0.20207799999999998
0 0.9081250000000001 0.7776205 0.04874999999999996 0.10292699999999999
0 0.94125 0.7700659999999999 0.043749999999999956 0.22568400000000002
