0 0.22125 0.8846155 0.05125000000000002 0.163227
0 0.1446875 0.8677294999999999 0.064375 0.07692299999999996
0 0.27468750000000003 0.747186 0.07312500000000002 0.066604
0 0.4134375 0.8278609999999998 0.023125000000000007 0.04784200000000005
0 0.5 0.9038465 0.044999999999999984 0.10037500000000009
0 0.5078125 0.7030955000000001 0.026874999999999982 0.11350899999999997
0 0.5121875 0.7969040000000001 0.02812500000000001 0.12851800000000002
0 0.5975 0.7865855 0.03249999999999997 0.10037499999999999
0 0.6053124999999999 0.6482175 0.02937500000000004 0.099437
0 0.6296875 0.8119135 0.026874999999999982 0.11913699999999994
