0 0.0475 0.40150100000000005 0.049999999999999996 0.3076920000000001
0 0.06125 0.239681 0.04125 0.11726
0 0.110625 0.33395850000000005 0.09125 0.22889299999999999
0 0.1246875 0.29221400000000003 0.04187500000000001 0.21482200000000004
0 0.19625 0.282833 0.04999999999999999 0.12288999999999999
0 0.343125 0.5136025 0.3225 0.6838650000000001
0 0.3575 0.2856475 0.04625000000000001 0.11726099999999999
0 0.4003125 0.2875235 0.03687499999999999 0.09849899999999998
0 0.44 0.30487800000000004 0.040000000000000036 0.15197
0 0.4559375 0.3203565 0.03312499999999996 0.09099499999999999
0 0.5025000000000001 0.3011255 0.05250000000000005 0.159475
0 0.5271875 0.226079 0.03687499999999999 0.07129400000000002
0 0.54375 0.306754 0.057499999999999996 0.178236
0 0.6109375 0.5712944999999999 0.181875 0.772983
0 0.826875 0.5145405000000001 0.26 0.678237
0 0.7171875 0.23264500000000002 0.023125000000000062 0.08818000000000001
0 0.7525 0.25375250000000005 0.04749999999999999 0.10037499999999999
0 0.7871874999999999 0.20215750000000002 0.01937500000000003 0.038460999999999995
0 0.7859375 0.23217650000000004 0.014374999999999916 0.040336999999999984
0 0.8684375 0.2715755 0.06437499999999996 0.184803
0 0.924375 0.2837715 0.0525000000000001 0.20544100000000004
0 0.96 0.2903375 0.05500000000000005 0.20356500000000002
0 0.9884375000000001 0.295028 0.021874999999999978 0.19418400000000002
