0 0.46875 0.6280665000000001 0.15749999999999997 0.716389
0 0.0128125 0.5721295 0.025625 0.160943
0 0.081875 0.7114815 0.15375 0.490677
0 0.051875000000000004 0.548577 0.03250000000000001 0.092248
0 0.079375 0.529931 0.015 0.07654600000000006
0 0.0959375 0.5063790000000001 0.018125000000000002 0.076546
0 0.11531249999999998 0.509323 0.02062499999999999 0.058882000000000045
0 0.1721875 0.7217859999999999 0.13437500000000002 0.5191359999999999
0 0.226875 0.5907749999999999 0.06374999999999997 0.14916600000000002
0 0.22875 0.523062 0.013750000000000012 0.07850800000000002
0 0.31437499999999996 0.5451424999999999 0.0037499999999999756 0.06182500000000002
0 0.3440625 0.5505399999999999 0.014375000000000027 0.06084400000000001
0 0.3615625 0.557409 0.020625000000000004 0.03336600000000001
0 0.3690625 0.545142 0.010624999999999996 0.046124000000000054
0 0.405625 0.547105 0.013749999999999984 0.04219800000000007
0 0.6090625000000001 0.5343475 0.024374999999999925 0.04808699999999999
