0 0.031772499999999995 0.46625000000000005 0.043479 0.14750000000000002
0 0.25 0.455 0.04515000000000002 0.12499999999999994
0 0.3302675 0.8925000000000001 0.03846099999999997 0.11499999999999999
0 0.5443145 0.865 0.04515100000000005 0.10999999999999999
0 0.577759 0.19750000000000004 0.04515000000000002 0.14
0 0.5861205 0.875 0.048495000000000066 0.11499999999999999
0 0.723244 0.42 0.04180600000000001 0.135
0 0.7541804999999999 0.19 0.03344500000000006 0.13
0 0.8637125 0.58625 0.035117000000000065 0.14249999999999996
0 0.904682 0.86 0.040134 0.14
