0 0.338281 0.37133900000000003 0.02343799999999996 0.06485400000000002
0 0.3960935 0.35878649999999995 0.017187000000000008 0.052300999999999986
0 0.41796849999999997 0.3472805 0.014062999999999992 0.04184100000000002
0 0.5140625 0.3378665 0.018750999999999962 0.03556500000000001
0 0.5507815 0.3420505 0.014063000000000048 0.03138099999999999
0 0.829687 0.2897485 0.03125 0.043933
0 0.8671875 0.290795 0.024998999999999993 0.08368199999999998
0 0.8968755 0.23849349999999997 0.015625 0.037656999999999996
0 0.916406 0.2416315 0.017188000000000092 0.03974900000000001
0 0.9609375 0.23535550000000002 0.028124999999999956 0.048116999999999965
0 0.982813 0.24058549999999998 0.03125 0.050208999999999976
