0 0.5209375 0.6379165 0.09187500000000004 0.170833
0 0.194375 0.1570835 0.03125 0.18916699999999997
0 0.270625 0.8399999999999999 0.08250000000000002 0.16666599999999998
0 0.27125 0.38291649999999994 0.08374999999999999 0.18583300000000003
0 0.27375 0.619583 0.08125000000000002 0.16749999999999998
0 0.263125 0.152083 0.04374999999999998 0.16250000000000003
0 0.33406250000000004 0.15374999999999997 0.09062500000000001 0.22083399999999997
0 0.49593750000000003 0.15333349999999998 0.05812500000000004 0.20166699999999996
0 0.5334375 0.3658335 0.04812499999999997 0.148333
0 0.5309375000000001 0.8470835000000001 0.03187499999999999 0.19083300000000003
0 0.7278125 0.3866665 0.08812500000000001 0.151667
0 0.73125 0.843333 0.06625000000000003 0.1499999999999999
0 0.7315625 0.64125 0.0618749999999999 0.18583400000000005
