0 0.5915625 0.5647279999999999 0.06562500000000004 0.339588
0 0.06375 0.726548 0.1275 0.5450280000000001
0 0.1509375 0.5182925 0.016875 0.147279
0 0.17531249999999998 0.530019 0.021875000000000006 0.21388400000000002
0 0.209375 0.5741090000000001 0.03875000000000001 0.258912
0 0.2578125 0.567542 0.018124999999999974 0.131332
0 0.3296875 0.4713885 0.020625000000000004 0.10037500000000005
0 0.4215625 0.4812385 0.026874999999999982 0.08067500000000005
0 0.680625 0.48827400000000004 0.0050000000000000044 0.03471000000000002
0 0.819375 0.47607849999999996 0.010000000000000009 0.032833
0 0.8518749999999999 0.47326450000000003 0.01375000000000004 0.045967000000000036
