0 0.24562499999999998 0.5766665000000001 0.10250000000000001 0.291667
0 0.0346875 0.5833335 0.069375 0.301667
0 0.037500000000000006 0.40625 0.04 0.07750000000000001
0 0.09968750000000001 0.727917 0.12812500000000002 0.5425
0 0.1609375 0.51625 0.08312500000000002 0.17083399999999993
0 0.3628125 0.5525 0.09687499999999999 0.215
0 0.45718749999999997 0.5904165 0.09437500000000004 0.249167
0 0.5406249999999999 0.525 0.08999999999999997 0.176666
0 0.639375 0.5716665000000001 0.10750000000000004 0.218333
0 0.7034374999999999 0.5766665 0.0981249999999999 0.24666699999999997
0 0.7737499999999999 0.5154165 0.0737500000000001 0.13083300000000003
0 0.794375 0.518333 0.10999999999999999 0.11500000000000005
0 0.868125 0.49041700000000005 0.03249999999999997 0.06750000000000006
0 0.9184375 0.6237500000000001 0.12812500000000004 0.28916600000000003
0 0.9675 0.5566665 0.06374999999999997 0.158333
