0 0.6565624999999999 0.8446645 0.048125000000000084 0.16902699999999993
0 0.033125 0.8087814999999999 0.065 0.14825300000000008
0 0.089375 0.8106705 0.06249999999999999 0.19546699999999995
0 0.13 0.794145 0.06374999999999999 0.17752600000000007
0 0.1990625 0.8186965 0.09187499999999998 0.1680830000000001
0 0.298125 0.8215295000000001 0.09874999999999998 0.21340899999999996
0 0.3596875 0.8271955000000001 0.078125 0.16997099999999998
0 0.3996875 0.808782 0.04187500000000005 0.12936799999999993
0 0.44125000000000003 0.826251 0.03875000000000001 0.18319200000000002
0 0.464375 0.782814 0.017500000000000016 0.07743199999999995
0 0.4865625 0.789424 0.024375000000000036 0.09065199999999995
0 0.5181250000000001 0.8319169999999999 0.05375000000000002 0.17941399999999996
0 0.5534375 0.8087814999999999 0.02937500000000004 0.114259
0 0.5700000000000001 0.832861 0.029999999999999916 0.15864
0 0.7153125 0.8338055 0.02562500000000001 0.14919700000000002
0 0.7775 0.813503 0.03249999999999997 0.10481600000000002
0 0.8106249999999999 0.8375824999999999 0.04749999999999999 0.15297500000000008
0 0.84375 0.8371105 0.043749999999999956 0.131255
0 0.8987499999999999 0.8389989999999999 0.05124999999999991 0.13881
0 0.9493750000000001 0.819641 0.01375000000000004 0.07743200000000006
0 0.9671875 0.8186970000000001 0.016874999999999973 0.09065199999999995
0 0.993125 0.8224739999999999 0.012500000000000067 0.083098
