0 0.8203125 0.6204485000000001 0.08812500000000001 0.333333
0 0.0334375 0.721755 0.063125 0.554622
0 0.2140625 0.6704015 0.17812499999999998 0.425771
0 0.2340625 0.6246495 0.043125 0.22595699999999994
0 0.2665625 0.5845005 0.03187499999999999 0.138189
0 0.450625 0.6218485 0.07125000000000004 0.06722700000000004
0 0.4978125 0.5583565 0.028124999999999956 0.028011000000000005
0 0.5309375000000001 0.6111110000000001 0.073125 0.06816
0 0.5253125000000001 0.5583565 0.024374999999999925 0.028011000000000005
0 0.5459375 0.553688 0.011874999999999969 0.029877999999999964
0 0.560625 0.5616245 0.010000000000000009 0.045750999999999986
0 0.5909375 0.5513534999999999 0.03937499999999994 0.11858099999999998
0 0.58125 0.5298785 0.01749999999999996 0.028945
0 0.6196875 0.563492 0.015625 0.045752000000000015
0 0.635625 0.5662935 0.008750000000000036 0.04014899999999999
0 0.6715625000000001 0.5653595 0.016875000000000084 0.05322099999999996
0 0.68625 0.5690945 0.012499999999999956 0.045750999999999986
