0 0.0134375 0.262083 0.015625 0.037500000000000006
0 0.050937500000000004 0.48875 0.035625000000000004 0.14250000000000007
0 0.30937499999999996 0.26666700000000004 0.012500000000000011 0.060000000000000026
0 0.40125 0.4733335000000001 0.03875000000000001 0.146667
0 0.4265625 0.2933335 0.020625000000000004 0.06833300000000003
0 0.545625 0.5208335 0.04125000000000001 0.158333
0 0.6490625 0.3791665 0.028124999999999956 0.10333300000000001
0 0.6950000000000001 0.3779165 0.032500000000000084 0.07916699999999999
0 0.756875 0.40333299999999994 0.03249999999999997 0.09999999999999998
0 0.7940625 0.38833350000000005 0.030624999999999902 0.093333
0 0.803125 0.377083 0.03125 0.11250000000000004
0 0.8243750000000001 0.3841665 0.025000000000000022 0.091667
0 0.8290625 0.3229165 0.020625000000000004 0.04083300000000001
0 0.8340625 0.35041649999999996 0.015625 0.04083300000000001
0 0.84375 0.3795835 0.02499999999999991 0.07916699999999999
0 0.8609374999999999 0.37458349999999996 0.020625000000000004 0.089167
0 0.888125 0.38375 0.03375000000000006 0.09416600000000003
0 0.971875 0.3916665000000001 0.026249999999999996 0.096667
