0 0.6599999999999999 0.5100000000000001 0.05500000000000005 0.20833400000000002
0 0.1665625 0.4895835 0.018125000000000002 0.08583299999999999
0 0.1825 0.49666649999999996 0.035 0.10333299999999995
0 0.2059375 0.4975 0.019375000000000003 0.11166599999999999
0 0.23625 0.503333 0.03375 0.15500000000000003
0 0.27093750000000005 0.49500000000000005 0.018125000000000002 0.12000000000000005
0 0.3053125 0.5054165 0.043125000000000024 0.16916699999999996
0 0.39625 0.505417 0.03875000000000001 0.18249999999999997
0 0.45687500000000003 0.505417 0.04375000000000001 0.19249999999999998
0 0.5275 0.5104164999999999 0.04249999999999998 0.17916699999999997
0 0.569375 0.495833 0.026249999999999996 0.17000000000000004
0 0.591875 0.5029165 0.04249999999999998 0.18416699999999997
0 0.823125 0.49833350000000004 0.040000000000000036 0.19666699999999993
0 0.8740625 0.5025000000000001 0.05437499999999995 0.16333399999999998
