0 0.26375000000000004 0.8022495 0.09000000000000002 0.06560500000000002
0 0.3053125 0.412371 0.111875 0.08434799999999998
0 0.311875 0.22352349999999999 0.10125 0.09090899999999999
0 0.38687499999999997 0.7924089999999999 0.09249999999999997 0.06841600000000003
0 0.40531249999999996 0.684161 0.09812499999999996 0.07497599999999993
0 0.476875 0.516401 0.10124999999999995 0.08434800000000003
0 0.53125 0.42314949999999996 0.10000000000000003 0.08153699999999997
0 0.566875 0.3514525 0.10624999999999996 0.08434900000000001
0 0.5765625000000001 0.606373 0.08437499999999998 0.06747800000000004
0 0.5853125 0.534208 0.09187499999999993 0.0806
0 0.629375 0.8359889999999999 0.10624999999999996 0.08247399999999994
0 0.6878124999999999 0.33552 0.10562499999999997 0.0806
0 0.71375 0.8912840000000001 0.10250000000000004 0.08247400000000005
0 0.8934375000000001 0.35941900000000004 0.114375 0.100282
0 0.930625 0.8008435 0.09750000000000003 0.09090900000000002
