0 0.033125 0.7116665000000001 0.01125 0.04166700000000001
0 0.049687499999999996 0.709167 0.024375 0.04499999999999993
0 0.09937499999999999 0.7025 0.04875 0.04833399999999999
0 0.1515625 0.7229170000000001 0.02312499999999998 0.0625
0 0.226875 0.722083 0.026249999999999996 0.07250000000000001
0 0.3078125 0.6987499999999999 0.009375000000000022 0.030834000000000028
0 0.3459375 0.7324999999999999 0.02562500000000001 0.09999999999999998
0 0.509375 0.7358334999999999 0.03375 0.07333299999999998
0 0.71 0.7124999999999999 0.03874999999999995 0.058334
0 0.8034375 0.7020835000000001 0.01937500000000003 0.07416699999999998
0 0.83 0.7229165000000001 0.03125 0.07416699999999998
0 0.8571875 0.7204164999999999 0.018124999999999947 0.08083299999999993
0 0.8559375 0.7145834999999999 0.008124999999999938 0.07083300000000003
0 0.9768749999999999 0.749167 0.032500000000000084 0.15000000000000002
