0 0.07062500000000001 0.55875 0.027500000000000004 0.06583400000000006
0 0.1021875 0.5733335 0.03312499999999999 0.088333
0 0.13 0.56375 0.03749999999999999 0.08250000000000002
0 0.175625 0.595417 0.04125000000000001 0.1875
0 0.21781250000000002 0.5904165 0.05562500000000001 0.21583300000000002
0 0.369375 0.5975 0.036250000000000004 0.036665999999999976
0 0.5109375 0.5637500000000001 0.01937500000000003 0.07916599999999996
0 0.5303125 0.555 0.01937500000000003 0.08999999999999997
0 0.5543750000000001 0.5508335 0.028749999999999942 0.098333
0 0.581875 0.5704165 0.030000000000000027 0.12083299999999997
0 0.6615625 0.5354165 0.020625000000000004 0.025832999999999995
0 0.7175 0.570833 0.03500000000000003 0.14500000000000002
0 0.7640625000000001 0.5670835 0.03187499999999999 0.14083299999999993
0 0.81625 0.5804170000000001 0.04125000000000001 0.022500000000000075
0 0.809375 0.5420830000000001 0.022500000000000075 0.0675
0 0.965 0.5700000000000001 0.043749999999999956 0.16333399999999998
