0 0.11156250000000001 0.641987 0.12062500000000001 0.468604
0 0.175 0.49531400000000003 0.05374999999999999 0.18650400000000006
0 0.2384375 0.7938145000000001 0.16562499999999997 0.41049700000000006
0 0.2059375 0.5538895 0.033125000000000016 0.05810700000000002
0 0.264375 0.49531400000000003 0.10125 0.12464799999999998
0 0.265 0.597938 0.05374999999999999 0.172446
0 0.2940625 0.4597 0.07187500000000002 0.188378
0 0.395625 0.526242 0.05874999999999997 0.18275599999999997
0 0.428125 0.4606375 0.057499999999999996 0.09090899999999996
0 0.5340625 0.41799450000000005 0.23812499999999998 0.6129330000000001
0 0.4409375 0.42877200000000004 0.044375 0.11527599999999998
0 0.8043750000000001 0.4400185 0.39 0.880037
0 0.89375 0.8458295000000001 0.15875000000000006 0.30646700000000004
