0 0.8740235000000001 0.5424595 0.08203100000000008 0.346999
0 0.3452145 0.49707149999999994 0.036133000000000026 0.16544699999999996
0 0.38378900000000005 0.433382 0.083984 0.25475799999999993
0 0.40234400000000003 0.47291350000000004 0.09765600000000002 0.19033699999999998
0 0.5058590000000001 0.40922400000000003 0.07617200000000002 0.212298
0 0.5449215000000001 0.3367495 0.029297000000000017 0.08199099999999998
0 0.5654295 0.4355785 0.042969000000000035 0.14787699999999998
0 0.623047 0.488287 0.11914000000000002 0.28550600000000004
0 0.7407225 0.536603 0.13378900000000005 0.33528600000000003
0 0.6884764999999999 0.3696925 0.019531000000000076 0.09809699999999999
