0 0.559375 0.4690619999999999 0.09625000000000006 0.620758
0 0.3328125 0.8193615 0.48687500000000006 0.14371299999999998
0 0.134375 0.521956 0.05625000000000001 0.08383200000000002
0 0.2878125 0.4366265 0.07437500000000002 0.224551
0 0.34187500000000004 0.4251495 0.048750000000000016 0.15369300000000002
0 0.43 0.525948 0.04874999999999996 0.08782400000000001
0 0.481875 0.53493 0.04749999999999999 0.07784400000000002
0 0.7203125 0.5214570000000001 0.21187500000000004 0.841318
0 0.6415625 0.558383 0.04562500000000003 0.05888199999999999
0 0.6799999999999999 0.5399200000000001 0.036250000000000004 0.08383200000000002
0 0.885625 0.5379240000000001 0.11874999999999991 0.558882
