0 0.0896875 0.5338315 0.08812500000000001 0.304921
0 0.1475 0.5531635 0.05499999999999999 0.24692499999999995
0 0.2046875 0.5522845000000001 0.06187500000000001 0.24516700000000002
0 0.244375 0.5413005 0.04874999999999999 0.23022899999999996
0 0.2790625 0.559754 0.03562500000000002 0.21616800000000003
0 0.316875 0.5496485 0.03999999999999998 0.22934899999999997
0 0.346875 0.5566785 0.05874999999999997 0.236379
0 0.3909375 0.561072 0.02937500000000004 0.23462199999999994
0 0.433125 0.5623900000000001 0.05499999999999999 0.21089600000000003
0 0.4628125 0.5571179999999999 0.026874999999999982 0.21089599999999997
0 0.495 0.564148 0.05499999999999994 0.217926
0 0.5425 0.5518455 0.050000000000000044 0.216169
0 0.5843750000000001 0.568541 0.04749999999999999 0.20562399999999997
0 0.630625 0.5694199999999999 0.05499999999999994 0.21792599999999995
0 0.6812499999999999 0.5799650000000001 0.04625000000000001 0.203866
0 0.7496875000000001 0.579086 0.06312499999999999 0.219684
0 0.815 0.5918275000000001 0.0625 0.23110700000000006
0 0.8631249999999999 0.5918279999999999 0.05874999999999997 0.23462199999999994
0 0.9190625 0.597979 0.07062499999999994 0.25044000000000005
