0 0.054375 0.3166045 0.05 0.098499
0 0.108125 0.305816 0.05499999999999999 0.11069400000000001
0 0.29125 0.2800185 0.04999999999999999 0.09474700000000003
0 0.364375 0.25985 0.03249999999999997 0.09568400000000002
0 0.421875 0.283771 0.04749999999999999 0.12476600000000002
0 0.5193749999999999 0.282833 0.057499999999999996 0.207318
0 0.559375 0.77955 0.13624999999999993 0.12945600000000002
0 0.6434375 0.22983099999999998 0.078125 0.15196999999999997
0 0.8459375 0.21951199999999998 0.07062499999999994 0.157598
0 0.9390624999999999 0.18949349999999998 0.06187500000000001 0.112571
