0 0.27375 0.5240625 0.03583400000000003 0.07187500000000008
0 0.3079165 0.6256250000000001 0.035833000000000004 0.08750000000000002
0 0.325 0.23249999999999998 0.025000000000000022 0.04124999999999998
0 0.37374999999999997 0.5331250000000001 0.04083399999999998 0.09750000000000003
0 0.37541650000000004 0.348125 0.034167 0.05125000000000002
0 0.4091665 0.770625 0.05166700000000002 0.14500000000000002
0 0.425 0.401875 0.025000000000000022 0.04625000000000001
0 0.44250000000000006 0.283125 0.023333999999999966 0.05249999999999999
0 0.449583 0.3378125 0.02749999999999997 0.03562500000000002
0 0.4579165 0.45906250000000004 0.04083300000000001 0.044375
0 0.4529165 0.395625 0.015832999999999986 0.03249999999999997
0 0.4795835 0.7696875000000001 0.06583299999999997 0.14687499999999998
0 0.4620834999999999 0.2884375 0.02083299999999999 0.02562500000000001
0 0.4841665 0.611875 0.043332999999999955 0.08750000000000002
0 0.4854165000000001 0.35125 0.035833000000000004 0.04125000000000001
0 0.4833335 0.409375 0.018332999999999988 0.036250000000000004
0 0.49 0.495 0.03166599999999997 0.06125000000000003
0 0.5004165 0.406875 0.029167 0.04249999999999998
0 0.5120835 0.32999999999999996 0.02083299999999999 0.03375
0 0.53125 0.33281249999999996 0.022499999999999964 0.044375
0 0.562083 0.776875 0.05249999999999999 0.13
0 0.59375 0.6896875 0.0475000000000001 0.06187500000000001
0 0.599167 0.768125 0.05499999999999994 0.13
0 0.5949999999999999 0.6290625 0.023333999999999966 0.04812499999999997
0 0.612917 0.6265625 0.02749999999999997 0.04812499999999997
0 0.6470835 0.5478125 0.04083300000000001 0.05812499999999998
0 0.6745834999999999 0.6640625 0.06416700000000009 0.078125
0 0.84875 0.7424999999999999 0.06583399999999995 0.12625000000000008
