0 0.301875 0.630833 0.065 0.26
0 0.0540625 0.5975 0.108125 0.19499999999999995
0 0.14156249999999998 0.562083 0.030624999999999986 0.17250000000000001
0 0.20531249999999998 0.6329165 0.128125 0.28916699999999995
0 0.385 0.5783335 0.040000000000000036 0.1083329999999999
0 0.4303125 0.5750000000000001 0.05562499999999998 0.14
0 0.4934375 0.5758335 0.02437499999999998 0.12333299999999991
0 0.5449999999999999 0.6145835000000001 0.04749999999999999 0.18416700000000008
0 0.5928125 0.61875 0.05062500000000003 0.18583400000000005
0 0.6912499999999999 0.658333 0.14875000000000005 0.31999999999999995
0 0.8262499999999999 0.6616669999999999 0.04375000000000007 0.255
