0 0.4714075 0.5757095000000001 0.036656999999999995 0.16088300000000005
0 0.043621999999999994 0.474763 0.035924 0.08832800000000002
0 0.177786 0.5544165 0.025660000000000016 0.146687
0 0.193548 0.4723975 0.011730000000000018 0.06151500000000004
0 0.226906 0.555205 0.03739000000000001 0.16088399999999997
0 0.2837245 0.5749215000000001 0.019060999999999995 0.165615
0 0.33064499999999997 0.5764984999999999 0.030791999999999986 0.168769
0 0.39039599999999997 0.5441645 0.024193999999999993 0.12618300000000005
0 0.682551 0.5055205 0.02199400000000007 0.11514099999999998
0 0.7683285 0.523659 0.017595000000000027 0.09779200000000005
0 0.7947215 0.5473184999999999 0.029325000000000045 0.126183
