0 0.0221875 0.18151950000000003 0.040625 0.11350900000000001
0 0.13249999999999998 0.7842399999999999 0.25125 0.429644
0 0.036875000000000005 0.24906200000000003 0.04 0.209194
0 0.0684375 0.163696 0.043125 0.09287000000000001
0 0.0875 0.27110700000000004 0.051250000000000004 0.21951200000000004
0 0.49500000000000005 0.519231 0.7350000000000001 0.635084
0 0.1453125 0.2307695 0.03312499999999999 0.13883700000000002
0 0.185 0.23733599999999996 0.05375000000000002 0.13695999999999997
0 0.224375 0.6196060000000001 0.10874999999999999 0.4662280000000001
0 0.885 0.4315195 0.22875 0.617261
0 0.96 0.316135 0.06125000000000003 0.30956799999999995
