0 0.49599999999999994 0.6933335 0.9479999999999998 0.610667
0 0.092 0.74 0.136 0.09333400000000003
0 0.153 0.6060000000000001 0.06199999999999999 0.03866599999999998
0 0.184 0.757333 0.08400000000000002 0.04800000000000004
0 0.21200000000000002 0.6060000000000001 0.088 0.08666600000000002
0 0.208 0.476 0.05200000000000002 0.061334
0 0.304 0.744 0.12399999999999999 0.069334
0 0.336 0.6746665000000001 0.08800000000000002 0.06933299999999998
0 0.33399999999999996 0.6166665 0.08000000000000002 0.046667000000000014
0 0.7869999999999999 0.6333335 0.08999999999999997 0.06666700000000003
0 0.8190000000000001 0.712 0.08999999999999997 0.07199999999999995
0 0.879 0.716 0.09000000000000008 0.058665999999999996
0 0.9089999999999999 0.6579999999999999 0.08199999999999996 0.046665999999999985
0 0.936 0.7193335000000001 0.11199999999999999 0.04933299999999996
0 0.973 0.6519999999999999 0.05000000000000004 0.058665999999999996
