0 0.6331249999999999 0.607143 0.18374999999999997 0.552632
0 0.2803125 0.540883 0.08937500000000001 0.262218
0 0.364375 0.525846 0.09875 0.5028199999999999
0 0.42500000000000004 0.450188 0.10249999999999998 0.23496200000000003
0 0.5137499999999999 0.540883 0.10999999999999999 0.262218
0 0.5674999999999999 0.5977445 0.036250000000000004 0.15601500000000001
0 0.7 0.556861 0.08875 0.264098
0 0.77625 0.6109025 0.08250000000000002 0.17857100000000004
0 0.8284374999999999 0.5883455 0.07562499999999994 0.231203
0 0.9134375 0.5653195000000001 0.12812500000000004 0.265977
