0 0.4834375 0.806989 0.15312500000000007 0.3795700000000001
0 0.035625 0.654301 0.07125 0.15806399999999998
0 0.1584375 0.6763445 0.071875 0.09247300000000003
0 0.264375 0.7537635 0.09375000000000003 0.27741899999999997
0 0.2371875 0.662903 0.03687499999999999 0.132258
0 0.2703125 0.5994625 0.02562500000000001 0.061290999999999984
0 0.346875 0.804839 0.12 0.38817199999999996
0 0.4040625 0.582258 0.03437499999999999 0.041936000000000084
0 0.46781249999999996 0.5978494999999999 0.029374999999999984 0.07311900000000005
0 0.575 0.698387 0.09249999999999992 0.16666599999999998
0 0.6340625 0.611828 0.038124999999999964 0.08602199999999993
0 0.6990624999999999 0.792473 0.08437499999999998 0.337634
0 0.7540625000000001 0.8559135 0.17937499999999995 0.283871
0 0.7021875 0.5838709999999999 0.024375000000000036 0.053764000000000034
0 0.7409375 0.6037635000000001 0.04437500000000005 0.06559099999999995
0 0.7890625 0.623118 0.07187499999999991 0.1322580000000001
0 0.8875 0.7940860000000001 0.14625 0.40752599999999994
0 0.910625 0.694086 0.08499999999999996 0.21182800000000002
