0 0.0178125 0.6801125 0.035625 0.07879900000000006
0 0.0325 0.6791744999999999 0.05 0.08818100000000006
0 0.0546875 0.6791744999999999 0.038125 0.08442700000000003
0 0.08031250000000001 0.6796435000000001 0.038125000000000006 0.09474700000000003
0 0.12 0.6730765 0.04875 0.096623
0 0.20406249999999998 0.6613509999999999 0.06312500000000001 0.15384600000000004
0 0.323125 0.5731704999999999 0.16749999999999998 0.645403
0 0.464375 0.6022515 0.16250000000000003 0.692307
0 0.5365625 0.699812 0.04312499999999997 0.15384599999999993
0 0.5815625 0.7115385 0.06437500000000007 0.137899
0 0.5925 0.6191369999999999 0.050000000000000044 0.09568399999999999
0 0.59625 0.6017820000000002 0.04250000000000009 0.10787999999999998
0 0.629375 0.7199815 0.050000000000000044 0.11726099999999993
0 0.7434375 0.58818 0.07062500000000005 0.545966
0 0.8009375000000001 0.587711 0.07562499999999994 0.516886
0 0.8490625 0.6163230000000001 0.07187500000000002 0.45966199999999996
0 0.9378124999999999 0.562852 0.12312500000000004 0.87242
