0 0.0084375 0.8316665 0.016875 0.043332999999999955
0 0.1990625 0.9458335 0.010624999999999996 0.04833299999999996
0 0.344375 0.8204164999999999 0.00874999999999998 0.02416700000000005
0 0.4003125 0.8825 0.015625 0.03833399999999998
0 0.4215625 0.8487499999999999 0.01937500000000003 0.04583399999999993
0 0.44125000000000003 0.813333 0.00874999999999998 0.04500000000000004
0 0.5 0.21 0.043749999999999956 0.11166599999999999
0 0.5628124999999999 0.7937500000000001 0.016875000000000084 0.03583400000000003
0 0.5728125 0.842083 0.026875000000000093 0.03249999999999997
0 0.7371875 0.8379165 0.01937499999999992 0.02416699999999994
0 0.77125 0.178333 0.043749999999999956 0.15499999999999997
0 0.8540625 0.7241665 0.013124999999999942 0.05166700000000002
0 0.8990625 0.76125 0.008124999999999938 0.029166000000000025
0 0.9315625000000001 0.6774999999999999 0.02312499999999995 0.04166599999999998
