0 0.229375 0.704972 0.165 0.47561000000000003
0 0.0828125 0.7462475 0.06937499999999999 0.21106900000000006
0 0.2009375 0.7227954999999999 0.028124999999999983 0.10787899999999995
0 0.323125 0.7288935000000001 0.030000000000000027 0.22701700000000002
0 0.39 0.44418349999999995 0.15000000000000002 0.8583489999999999
0 0.3515625 0.7471855000000001 0.024375000000000036 0.18292699999999995
0 0.49812500000000004 0.7242025 0.05375000000000002 0.163227
0 0.5453125 0.737336 0.02562500000000001 0.15196999999999994
0 0.7778125 0.7509380000000001 0.026874999999999982 0.066604
0 0.8290625 0.7439024999999999 0.03187499999999999 0.08442700000000003
0 0.930625 0.717167 0.09875 0.28424000000000005
