0 0.938542 0.6034725 0.09375 0.379167
0 0.12187500000000001 0.5437500000000001 0.077084 0.254166
0 0.20729150000000002 0.5638890000000001 0.07291699999999998 0.29444400000000004
0 0.3125 0.5847225 0.066666 0.358333
0 0.353646 0.545139 0.044792 0.20416599999999996
0 0.4296875 0.540972 0.06354099999999996 0.20972199999999996
0 0.5765625 0.578472 0.059374999999999956 0.31805600000000006
0 0.650521 0.540972 0.05104200000000003 0.21805600000000003
0 0.7473955 0.5493055 0.034375000000000044 0.20694500000000002
0 0.8958335 0.538889 0.04166700000000001 0.15555599999999997
0 0.9682295000000001 0.552778 0.028125000000000067 0.15555600000000003
