0 0.359375 0.5812975 0.07250000000000001 0.26453299999999996
0 0.018750000000000003 0.5 0.0175 0.04801999999999995
0 0.043125 0.50337 0.010000000000000002 0.05139
0 0.1165625 0.5181125 0.02687500000000001 0.12636899999999995
0 0.2078125 0.5534965 0.05562500000000001 0.082561
0 0.23531249999999998 0.534541 0.03562499999999999 0.06486999999999998
0 0.30843750000000003 0.5690815 0.043125000000000024 0.25189500000000004
0 0.5490625 0.5640270000000001 0.06937499999999996 0.228306
0 0.5703125 0.5139005 0.026874999999999982 0.13816299999999998
0 0.6009375 0.45661300000000005 0.02937499999999993 0.05560199999999998
0 0.6446875 0.513058 0.06812499999999999 0.14995800000000004
0 0.745 0.5509685 0.05125000000000002 0.10109500000000003
0 0.754375 0.598989 0.06374999999999997 0.14321800000000007
