0 0.0840625 0.737107 0.078125 0.38239
0 0.175 0.6817610000000001 0.035 0.301886
0 0.20656249999999998 0.691824 0.040624999999999994 0.33207600000000004
0 0.25 0.710692 0.05625000000000002 0.306918
0 0.3109375 0.7182390000000001 0.05812500000000004 0.301886
0 0.3884375 0.7245280000000001 0.06187500000000001 0.29433999999999994
0 0.4609375 0.710692 0.06312499999999999 0.31194999999999995
0 0.53125 0.7157235000000001 0.06499999999999995 0.31698100000000007
0 0.6159375 0.7157235000000001 0.06562500000000004 0.31698100000000007
0 0.68625 0.7050315 0.06999999999999995 0.30566099999999996
0 0.7484375 0.6742140000000001 0.059374999999999956 0.28679199999999994
0 0.8025 0.6943394999999999 0.04625000000000001 0.31698099999999996
0 0.8478125 0.683019 0.03687499999999999 0.309434
0 0.9503125 0.6446540000000001 0.03937499999999994 0.17987399999999998
