0 0.618125 0.540417 0.06500000000000006 0.2025
0 0.11000000000000001 0.581667 0.10500000000000001 0.305
0 0.5496875 0.4641665 0.02937499999999993 0.05666699999999997
0 0.598125 0.4595835 0.023749999999999938 0.07583299999999998
0 0.6440625 0.45625 0.016874999999999973 0.07583400000000001
0 0.6665625 0.43875000000000003 0.015625 0.03750000000000003
0 0.6878124999999999 0.5204165000000001 0.048125000000000084 0.17416700000000004
0 0.7046874999999999 0.4570835 0.01937500000000003 0.07083299999999998
0 0.7246874999999999 0.45625000000000004 0.020625000000000004 0.069166
0 0.795625 0.4725 0.03125 0.09833399999999998
0 0.8784375 0.5220835 0.06312499999999999 0.19916699999999998
