0 0.8009375 0.7082555 0.09937499999999999 0.35834900000000003
0 0.0221875 0.7068479999999999 0.044375 0.21669799999999995
0 0.0534375 0.7049715 0.030625000000000006 0.205441
0 0.0746875 0.6904315 0.034374999999999996 0.21200700000000003
0 0.10718749999999999 0.6988745 0.059375 0.232645
0 0.1590625 0.699812 0.03437499999999999 0.21575999999999995
0 0.194375 0.7124765000000001 0.036250000000000004 0.17917499999999997
0 0.2303125 0.7030955 0.03812500000000002 0.20919299999999993
0 0.2578125 0.7030955 0.029375000000000012 0.19043100000000002
0 0.2903125 0.6941835 0.03562499999999996 0.204503
0 0.321875 0.709662 0.03999999999999998 0.19606
0 0.3428125 0.6899625 0.02562500000000001 0.192307
0 0.38 0.696998 0.04874999999999996 0.2213879999999999
0 0.401875 0.639306 0.036250000000000004 0.10225200000000002
0 0.4346875 0.6069415000000001 0.041874999999999996 0.07879900000000006
0 0.47875 0.599906 0.04624999999999996 0.06472800000000001
0 0.5237499999999999 0.5942775 0.04874999999999996 0.08161299999999994
0 0.6415625 0.576923 0.03312499999999996 0.08818000000000004
0 0.6737500000000001 0.6214820000000001 0.053750000000000075 0.19230800000000003
