0 0.0756945 0.47407449999999995 0.023610999999999993 0.03703699999999999
0 0.1319445 0.9064814999999999 0.03333299999999999 0.08703699999999992
0 0.154861 0.5351849999999999 0.018056000000000016 0.05555599999999994
0 0.1659725 0.460185 0.023610999999999993 0.03148200000000001
0 0.254861 0.8833335 0.03472200000000003 0.08518500000000007
0 0.30625 0.568519 0.026388000000000023 0.07407399999999997
0 0.3319445 0.5416664999999999 0.02222300000000005 0.0574070000000001
0 0.3493055 0.6055555 0.04027700000000001 0.07777699999999999
0 0.35277800000000004 0.45740749999999997 0.024999999999999967 0.033333
0 0.3951385 0.5296295 0.026388999999999996 0.06666699999999998
0 0.571528 0.685185 0.03472200000000003 0.09259200000000001
0 0.5805555 0.5842595 0.02777699999999994 0.06481499999999996
0 0.5916669999999999 0.899074 0.02777799999999997 0.09814800000000001
0 0.630556 0.5972225 0.02499999999999991 0.08703700000000003
0 0.6458335 0.5500005 0.0166670000000001 0.03703699999999999
0 0.7076385000000001 0.5435185000000001 0.023610999999999938 0.07592500000000002
0 0.8104165 0.8731485000000001 0.029166999999999943 0.11296299999999992
0 0.951389 0.7935184999999999 0.04999999999999993 0.120371
