0 0.264375 0.28306549999999997 0.07875000000000001 0.22744100000000003
0 0.14375 0.44004950000000004 0.10375 0.398023
0 0.21000000000000002 0.3226205 0.10500000000000001 0.279357
0 0.351875 0.2540175 0.11499999999999999 0.24351100000000003
0 0.41500000000000004 0.24289249999999996 0.10500000000000004 0.216317
0 0.47124999999999995 0.2707045 0.10249999999999998 0.224969
0 0.530625 0.3009885 0.09625 0.174289
0 0.5928125 0.3745365 0.08187500000000003 0.185415
0 0.6478125 0.4431395 0.07937499999999997 0.16440100000000002
0 0.7446875 0.5494435000000001 0.11687499999999995 0.199011
0 0.8978124999999999 0.6563659999999999 0.08437499999999998 0.296662
