0 0.299375 0.7376729999999999 0.043749999999999956 0.36686399999999997
0 0.0571875 0.6932935 0.023125000000000007 0.2504930000000001
0 0.0840625 0.678501 0.010624999999999996 0.185404
0 0.1009375 0.6804735 0.015625 0.12623299999999993
0 0.329375 0.723866 0.044999999999999984 0.32741599999999993
0 0.5543750000000001 0.7790925 0.028749999999999942 0.331361
0 0.630625 0.7021695 0.030000000000000027 0.21696300000000004
0 0.65875 0.755424 0.04999999999999993 0.34714
0 0.785625 0.6952665 0.018750000000000044 0.23865899999999998
0 0.9246875 0.719921 0.04062499999999991 0.29585800000000007
