0 0.1634375 0.6235955 0.05187499999999998 0.33483100000000005
0 0.0075 0.61573 0.015 0.35056200000000004
0 0.0834375 0.647191 0.070625 0.4134840000000001
0 0.275 0.679775 0.03375 0.38876399999999994
0 0.344375 0.669663 0.06125000000000003 0.37752800000000003
0 0.3965625 0.6887639999999999 0.02562500000000001 0.14606799999999998
0 0.42374999999999996 0.65618 0.05375000000000002 0.37752800000000003
0 0.523125 0.6853935000000001 0.062499999999999944 0.36853899999999995
0 0.6 0.660674 0.040000000000000036 0.37752800000000003
0 0.6825 0.6910109999999999 0.04875000000000007 0.3168540000000001
0 0.7759375 0.6516855 0.030625000000000013 0.38651700000000005
0 0.8374999999999999 0.6629215 0.036250000000000004 0.364045
0 0.9590624999999999 0.664045 0.03312499999999996 0.32584199999999996
