0 0.2265625 0.7734520000000001 0.04562500000000003 0.22420199999999998
0 0.0746875 0.7373360000000001 0.034374999999999996 0.170732
0 0.1090625 0.7340525 0.031875 0.19793700000000003
0 0.141875 0.74531 0.048750000000000016 0.19418400000000002
0 0.18625 0.743433 0.044999999999999984 0.1941839999999999
0 0.2834375 0.704034 0.026874999999999982 0.104128
0 0.3034375 0.6941839999999999 0.015625 0.10694199999999998
0 0.325 0.6941835 0.020000000000000018 0.099437
0 0.3421875 0.699812 0.014374999999999971 0.08817999999999993
0 0.36906249999999996 0.7026264999999999 0.01687500000000003 0.08255099999999993
0 0.3865625 0.697936 0.015625 0.0919319999999999
0 0.4046875 0.697936 0.020625000000000004 0.08442799999999995
0 0.4309375 0.697936 0.021875000000000033 0.0919319999999999
0 0.4525 0.69606 0.016249999999999987 0.07316999999999996
0 0.4665625 0.7016884999999999 0.016874999999999973 0.09193299999999993
0 0.49031250000000004 0.692308 0.013124999999999998 0.08818000000000004
0 0.7424999999999999 0.77439 0.04625000000000001 0.263602
0 0.7931250000000001 0.7598495 0.04749999999999999 0.24953100000000006
0 0.83875 0.7626639999999999 0.04875000000000007 0.236398
0 0.8690625 0.706848 0.016874999999999973 0.08724200000000004
0 0.8990625 0.7462475000000001 0.02562500000000001 0.12288899999999993
0 0.9246875 0.7354594999999999 0.030624999999999902 0.14821699999999993
0 0.9559375 0.7363975 0.034375000000000044 0.165103
0 0.986875 0.728893 0.025000000000000022 0.13508399999999998
