0 0.7421875 0.5250235 0.14937500000000004 0.41548699999999994
0 0.2025 0.6255900000000001 0.20875 0.665722
0 0.2365625 0.298867 0.013124999999999998 0.03871599999999997
0 0.3296875 0.4877245 0.06562499999999999 0.272899
0 0.375625 0.5146364999999999 0.04249999999999998 0.06798899999999997
0 0.4115625 0.509915 0.02937500000000004 0.07365399999999994
0 0.424375 0.30736549999999996 0.030000000000000027 0.051935000000000016
0 0.4421875 0.4971670000000001 0.03187499999999999 0.05949000000000004
0 0.4603125 0.2979225 0.029374999999999984 0.05571300000000001
0 0.4659375 0.359773 0.028124999999999956 0.05287999999999998
0 0.4684375 0.49527849999999995 0.015625 0.06326700000000007
0 0.4953125 0.30830949999999996 0.03312499999999996 0.06137900000000002
0 0.504375 0.5028325 0.04125000000000001 0.055712999999999964
0 0.9593750000000001 0.38385250000000004 0.07999999999999996 0.49197300000000005
