0 0.4715625 0.6429170000000001 0.013124999999999998 0.03249999999999997
0 0.615625 0.6337499999999999 0.008750000000000036 0.03416600000000003
0 0.6925 0.6262500000000001 0.007500000000000062 0.025834000000000024
0 0.7278125 0.630417 0.014375000000000027 0.02750000000000008
0 0.7421875 0.6508335000000001 0.01937499999999992 0.04833300000000007
0 0.7890625 0.67125 0.020624999999999893 0.07916600000000007
0 0.7949999999999999 0.6204164999999999 0.008749999999999925 0.029167000000000054
0 0.8075000000000001 0.625 0.0050000000000000044 0.03166599999999997
0 0.9493750000000001 0.6174999999999999 0.007499999999999951 0.039999999999999925
0 0.9753125 0.6175 0.015625 0.043334000000000095
