0 0.8090625 0.5045835 0.12437500000000001 0.26916700000000005
0 0.046875 0.4649999999999999 0.09375 0.15666599999999997
0 0.1896875 0.7633335 0.379375 0.47166700000000006
0 0.13718750000000002 0.46291649999999995 0.06312500000000001 0.19083299999999995
0 0.19 0.5225 0.1175 0.258334
0 0.24031249999999998 0.40958349999999993 0.06562500000000002 0.10916700000000001
0 0.3184375 0.532917 0.219375 0.3275
0 0.28874999999999995 0.3666665 0.028749999999999998 0.046667000000000014
0 0.33906250000000004 0.43624999999999997 0.049375 0.17916600000000002
0 0.405 0.43916649999999996 0.11125000000000002 0.153333
0 0.4934375 0.61625 0.18187499999999995 0.355834
0 0.4771875 0.3941664999999999 0.05187500000000006 0.088333
0 0.545625 0.4575 0.11874999999999997 0.20500000000000007
0 0.5671875 0.39124999999999993 0.05062500000000003 0.130834
0 0.7059375000000001 0.6429165 0.291875 0.39916700000000005
0 0.6671875 0.43999999999999995 0.13937499999999992 0.20666599999999993
0 0.6278125 0.345 0.04812499999999997 0.11666599999999999
0 0.8556250000000001 0.39208350000000003 0.03874999999999995 0.08083299999999999
0 0.8984375 0.41291649999999996 0.06687500000000002 0.090833
0 0.934375 0.44375000000000003 0.07500000000000007 0.12916600000000006
0 0.9650000000000001 0.4925 0.06874999999999998 0.201666
