0 0.42562500000000003 0.57328 0.06875000000000003 0.39481600000000006
0 0.0425 0.6694915 0.085 0.359921
0 0.0796875 0.46410750000000006 0.074375 0.19441700000000006
0 0.10749999999999998 0.391326 0.06999999999999999 0.12662
0 0.11125 0.36341000000000007 0.047500000000000014 0.11465599999999998
0 0.116875 0.4865400000000001 0.04375000000000001 0.22731800000000002
0 0.18125000000000002 0.5827515000000001 0.06375 0.38584299999999994
0 0.22843750000000002 0.6400800000000001 0.08937500000000001 0.44666
0 0.334375 0.7208374999999999 0.09625 0.5224329999999999
0 0.53 0.7547360000000001 0.15500000000000003 0.488534
0 0.6725000000000001 0.729312 0.13 0.539382
0 0.7953125 0.7128614999999999 0.12937500000000002 0.572283
0 0.8096875 0.40678000000000003 0.12187499999999996 0.231306
0 0.8943749999999999 0.37736800000000004 0.04749999999999999 0.12662
0 0.9199999999999999 0.49003 0.05500000000000005 0.26221400000000006
0 0.9415625000000001 0.3798605 0.02937500000000004 0.089731
