0 0.1640625 0.44660750000000005 0.011875000000000024 0.067853
0 0.22062500000000002 0.44827550000000005 0.014999999999999986 0.08008899999999997
0 0.2578125 0.4694105 0.029375000000000012 0.12235900000000001
0 0.3034375 0.45995549999999996 0.026875000000000038 0.13681899999999997
0 0.36906249999999996 0.45773050000000004 0.02437499999999998 0.13681900000000008
0 0.4253125 0.5055615 0.03937499999999999 0.24137899999999998
0 0.4828125 0.46607300000000007 0.021875000000000033 0.11568400000000002
0 0.51 0.464961 0.018750000000000044 0.11346
0 0.6265624999999999 0.49221349999999997 0.03187499999999999 0.12124499999999999
0 0.973125 0.5105675000000001 0.036250000000000004 0.25139100000000003
