0 0.23281249999999998 0.6647835 0.16187499999999996 0.572505
0 0.6215625 0.6337100000000001 0.03312500000000007 0.06591400000000003
0 0.654375 0.6454805 0.03249999999999997 0.04613899999999993
0 0.733125 0.294256 0.010000000000000009 0.049906000000000006
0 0.755 0.4392655 0.043749999999999956 0.11205300000000001
0 0.75125 0.29237300000000005 0.012499999999999956 0.053672000000000004
0 0.7734375 0.2933145 0.014375000000000027 0.05932299999999996
0 0.7871875 0.6473635 0.02562500000000001 0.031073000000000017
0 0.8428125 0.3154425 0.021874999999999978 0.06214700000000001
0 0.8940625 0.254237 0.07062499999999994 0.07909600000000003
0 0.8721875 0.3126175 0.01187500000000008 0.07532899999999998
0 0.9053125 0.299906 0.01937500000000003 0.08568799999999999
0 0.940625 0.2594165 0.010000000000000009 0.042372999999999994
0 0.9503125 0.240113 0.01187500000000008 0.07344600000000004
0 0.9778125 0.3182675 0.03312499999999996 0.10546099999999996
0 0.99125 0.235405 0.01375000000000004 0.06403
