0 0.25687499999999996 0.39821799999999996 0.14875 0.633208
0 0.0621875 0.37617249999999997 0.124375 0.7523449999999999
0 0.105 0.358818 0.06875 0.21669800000000003
0 0.181875 0.46951250000000005 0.13874999999999998 0.5075050000000001
0 0.3384375 0.30675399999999997 0.020625000000000004 0.17073200000000002
0 0.3684375 0.34146350000000003 0.026875000000000038 0.14071300000000003
0 0.40812499999999996 0.3527205 0.065 0.31332099999999996
0 0.4375 0.3306755 0.03500000000000003 0.25422100000000003
0 0.4525 0.30394000000000004 0.007500000000000007 0.20450200000000002
0 0.48062499999999997 0.347092 0.04124999999999995 0.290806
0 0.615625 0.5276734999999999 0.24249999999999994 0.8827389999999999
0 0.54125 0.26078799999999996 0.03499999999999992 0.15947400000000003
0 0.9078124999999999 0.37617249999999997 0.13437500000000002 0.7523449999999999
