0 0.0684375 0.5778610000000001 0.03312500000000001 0.12570399999999993
0 0.1003125 0.5722324999999999 0.030625 0.125703
0 0.1825 0.5797370000000001 0.04625000000000001 0.21388400000000002
0 0.2065625 0.5680109999999999 0.018125000000000002 0.10975600000000008
0 0.263125 0.5863035 0.04625000000000001 0.22701699999999997
0 0.321875 0.5924015 0.04125000000000001 0.21106900000000003
0 0.339375 0.605066 0.03999999999999998 0.23639800000000005
0 0.3828125 0.620544 0.05812499999999998 0.25985
0 0.4171875 0.5098500000000001 0.026874999999999982 0.03471000000000002
0 0.4384375 0.6106940000000001 0.06187500000000001 0.258912
0 0.5153125000000001 0.6125700000000001 0.06937500000000002 0.24014999999999997
0 0.6503125000000001 0.6463415 0.07562499999999994 0.32270099999999996
0 0.7350000000000001 0.6482175 0.09875 0.28893100000000005
0 0.833125 0.6360225 0.05125000000000002 0.313321
