0 0.01625 0.44699799999999995 0.0325 0.05159400000000003
0 0.0528125 0.608818 0.105625 0.28330200000000005
0 0.0771875 0.860225 0.154375 0.277674
0 0.11812500000000001 0.563321 0.1025 0.19230800000000003
0 0.2203125 0.7908069999999999 0.231875 0.41651000000000005
0 0.17062500000000003 0.44605999999999996 0.06125 0.12664199999999998
0 0.24812499999999998 0.5215759999999999 0.165 0.31144399999999994
0 0.3065625 0.41932450000000004 0.06687500000000002 0.146341
0 0.3471875 0.454972 0.078125 0.17823599999999995
0 0.4315625 0.7340525 0.23687500000000006 0.530019
0 0.39625 0.183865 0.03875000000000001 0.08630399999999999
0 0.421875 0.444184 0.06625000000000003 0.12664199999999998
0 0.4659375 0.436679 0.06312499999999999 0.14540399999999998
0 0.55375 0.2692305 0.20000000000000007 0.296435
0 0.5878125 0.5619135000000001 0.14187499999999997 0.311445
0 0.7690625 0.7016884999999999 0.384375 0.594747
0 0.635 0.5173544999999999 0.09375 0.20356500000000005
0 0.70625 0.858349 0.20499999999999996 0.28142599999999995
0 0.67625 0.5192305 0.11125000000000007 0.276735
0 0.8125 0.188555 0.053749999999999964 0.065666
0 0.9137500000000001 0.4835835 0.08999999999999997 0.21294500000000005
0 0.94 0.565666 0.11875000000000002 0.30018799999999995
